caps = 300
for i in range(50):
    caps_new = caps * 2
    print(caps_new)
    caps = caps_new



600
1200
2400
4800
9600
19200
38400
76800
153600
307200
614400
1228800
2457600
4915200
9830400
19660800
39321600
78643200
157286400
314572800
629145600
1258291200
2516582400
5033164800
10066329600
20132659200
40265318400
80530636800
161061273600
322122547200
644245094400
1288490188800
2576980377600
5153960755200
10307921510400
20615843020800
41231686041600
82463372083200
164926744166400
329853488332800
659706976665600
1319413953331200
2638827906662400
5277655813324800
10555311626649600
21110623253299200
42221246506598400
84442493013196800
168884986026393600
337769972052787200

=== Code Execution Successful ===